Executing run 1 with series: 80 30 76 28 87 23 14 52 27 21 6 84 15 42 79 45 55 72 74 60 17 75 100 88 96 97 25 86 39 48 34 90 58 1 46 12 92 61 68 2 64 83 19 98 43 3 7 18 69 49 81 57 33 37 85 32 29 73 35 10 16 78 66 50 36 26 59 8 63 62 99 41 9 95 89 47 4 38 54 24 22 94 65 11 13 44 77 93 70 51 91 56 53 31 40 5 71 67 82 20

==============================================================================
NOT SORTED MUDAFUKA SHGIEHBKGHBADGKHBEGLKJ!@!##$#@$^$@$^@#!^^$@$TYWQHYNG$VTTRH
==============================================================================

-------------------------------------
Executing run 2 with series: 28 61 68 17 36 60 91 55 52 92 95 14 81 64 93 25 72 37 42 18 80 7 73 96 87 1 4 43 5 2 8 56 62 67 85 41 54 89 66 78 77 59 94 46 63 47 23 86 15 44 51 13 33 39 88 76 26 19 83 11 99 58 45 21 12 98 97 65 29 53 3 30 100 6 90 34 84 57 35 69 38 75 74 50 20 70 10 24 79 31 49 48 16 40 32 22 82 9 71 27

==============================================================================
NOT SORTED MUDAFUKA SHGIEHBKGHBADGKHBEGLKJ!@!##$#@$^$@$^@#!^^$@$TYWQHYNG$VTTRH
==============================================================================

-------------------------------------
Executing run 3 with series: 96 70 35 86 97 18 24 31 51 84 67 36 1 87 8 33 60 98 44 81 95 14 12 42 99 56 92 3 29 65 32 27 30 88 73 77 71 23 69 59 47 55 53 45 13 63 17 61 58 16 20 78 62 52 5 41 46 50 11 7 37 94 82 38 57 10 22 100 9 4 74 43 93 19 68 2 21 64 66 89 79 39 28 48 15 34 80 6 49 83 26 75 76 72 40 91 85 54 25 90

==============================================================================
NOT SORTED MUDAFUKA SHGIEHBKGHBADGKHBEGLKJ!@!##$#@$^$@$^@#!^^$@$TYWQHYNG$VTTRH
==============================================================================

-------------------------------------
Executing run 4 with series: 7 81 64 90 36 76 66 22 11 46 45 99 87 59 72 89 85 96 17 51 3 23 63 91 79 56 34 18 9 2 80 57 62 25 27 37 94 84 86 32 42 44 1 70 97 98 67 20 24 40 29 35 95 55 77 31 52 74 73 68 43 69 12 48 41 30 14 92 39 93 4 65 53 100 88 47 26 54 6 78 83 38 75 58 21 16 28 49 19 61 13 33 60 10 82 50 71 15 8 5

==============================================================================
NOT SORTED MUDAFUKA SHGIEHBKGHBADGKHBEGLKJ!@!##$#@$^$@$^@#!^^$@$TYWQHYNG$VTTRH
==============================================================================

-------------------------------------
Executing run 5 with series: 49 40 61 19 20 97 66 72 41 50 51 15 70 11 92 10 53 93 32 42 37 89 95 57 18 13 48 28 98 88 73 75 38 47 30 56 68 69 54 74 100 87 62 90 3 6 29 12 67 17 2 85 45 59 26 94 8 76 86 35 34 1 71 9 5 46 96 65 99 63 39 4 21 84 80 77 36 27 24 64 60 23 31 82 79 55 58 83 22 25 16 91 7 44 43 81 14 78 33 52

==============================================================================
NOT SORTED MUDAFUKA SHGIEHBKGHBADGKHBEGLKJ!@!##$#@$^$@$^@#!^^$@$TYWQHYNG$VTTRH
==============================================================================
